Determinant-2.873342310939904
1.1121479165688442
0.46311358326330776
-3.859241788263347
0.4676921804325218
-0.7648227691598066
-4.711326423247158
-0.5240046602479254
2.2302175404546745
0.6443944069495728
-1.4694217009972022
-3.1227465417858014
3.108691903085159
0.5173979462053779
2.0779725912266827
0.01869864744750771
-1.4691734626977677
3.7035147606554375
1.6950125194884862
-2.9864750111116365
1.341773190914168
0.3680289551046485
-0.9925286899266723
1.0736517303233057
-1.200235582836001
0.5093608236290095
0.6169575903782629
-1.1865163502162375
-0.9407407780710457
0.8993634282377627
1.4955546177194776
1.4444749214780046
0.4583845941749587
-0.6010378481852285
-1.539632920836226
1.0086887879065358
0.43221973122243185
0.4828046519217821
-1.6036084970853466
3.1397897790780576
-0.4190172638358973
-0.13907289005312862
3.1816661816789633
1.350313704925668
-2.569359574765798
1.5286234524038207
0.4615049973432406
1.6698678114982641
0.5529522977504939
-0.14257276413374598
-0.6077056473141766
-2.052623807360277
0.05609904721237058
0.7001937335924566
0.7516215343985664
-0.4924957816789117
-2.62036262178853
-1.8543622158362751
1.2086036391702208
-1.3084043872174362
-2.611277409769741
-0.21395797618606593
0.026238243651391713
-0.239530422114953
1.4371330360389436
-0.09383759478212994
-1.8252308970025695
1.3987794091576262
1.446242868379997
5.247260450303088
-2.0079488280400426
1.659239960708362
0.046097933809178926
0.3687835025027084
0.8832760739710181
2.747622315344003
-2.970438434632939
1.3809455331814178
-2.560264122814033
-1.6302930797540824
-0.31183194925029056
2.292028798350941
3.629447603902463
0.5140138880402105
-4.052347207976339
0.45903344010923774
-1.3933189712447955
1.0205034969536086
-0.6169723589232063
0.3180650311727078
-0.5042330760644376
-1.0858999329484647
1.3626384620284853
-3.0223381816649635
-0.3780005241731459
1.4313561591587103
1.844243734230318
-3.0961600298885656
-1.1442122162320203
-1.3729553177734033
0.0066717869941328445
-1.7035152950240757
0.6391404133411243
0.7156053904070205
-0.0357161862631159
2.36051948824975
0.4136977168055864
-1.4689630540265455
0.2769847033003856
1.835848689055112
1.374308569433481
-1.7726559414518022
-1.2754048677990966
0.02936894132068346
-0.9458190800507111
3.241296051485733
-0.9739595308650735
-0.4086568986695056
-0.19230577212350397
-1.691296770678946
2.99576982768842
-2.5670795712374
-1.8059190905095193
3.2177076652889696
0.0507152699730824
3.6285631296681515
-1.740100255573367
0.08591703160671216
-0.6655847794047389
1.1956404730850778
0.1731231138946896
1.9597997515620733
-3.3140855627489714
-1.446181097056666
2.2585143096291063
-0.3796157110204348
-0.20481082833967434
-0.6869538390268559
0.7179041191201208
-1.0666417211525925
-0.9428300507709366
-1.6431771179581744
0.7489942361396231
1.9517615501339804
0.2468680167316677
1.0586766538072965
-0.06711564159374461
-1.0505681341453226
1.474070905325732
-2.944806211135713
-0.1343186471206792
-1.5843161733254476
0.8539104317174662
1.0571653751055692
0.5049758291077211
-0.7264948221241383
-4.08514949819309
4.166600177176377
1.032707883077748
-1.0401365438172263
5.763027202822698
-2.0141228915397136
1.0206748386176514
1.1842046711201846
3.2807194001674134
-2.094936147227486
1.3727802280974402
-3.0930488661900455
-0.33135410563905054
-1.5557868075295715
2.494039757837271
0.3750116352810693
-2.049657204196464
-0.9686474990528495
-0.8570857718485314
-1.858630938174656
-3.342086229546581
4.138305444285564
-2.029965644216034
-0.09201815186497697
-0.25355154892928056
1.6741430376407607
-0.347322406178705
-1.5041668369371735
-0.6766212617016834
-0.9189147255012102
-1.6282410686624615
0.7699600164556841
-2.742688471520225
1.6328238914106663
2.652090203659469
0.2800225428358374
0.9494230540959165
0.38552425045116934
-0.35412779948600814
-0.5828128121725484
2.160580754300412
0.4728343851513017
0.5326865844250079
3.113129873127818
-1.6604461830533381
1.9247964803743685
-3.4782267188296885
2.962211753239714
1.7334034415403892
0.3562447619129614
-1.5089910756050102
1.012184356047996
1.000772374139089
1.5901751377285933
-5.65621082941675
1.3395030794121823
1.5529572807874672
0.395204426745579
-0.9411125300479739
1.307420198778729
0.5833698396643427
-0.39953776793927887
-0.6700564418938626
2.9327166356464858
-5.27672637992373
-3.034528405985739
0.09616021657538454
0.8691707171879131
-0.49954370756309174
-0.28680626393932585
1.9108708536926429
-0.9681211244904375
-1.8037686751294757
0.7383359347445122
3.689625931084805
-0.5099870551346157
-0.22015727191921997
0.7142023639527935
-4.357551464501569
0.3252552968692157
-5.083631540198468
-1.9547926002876181
1.3191309886306755
-1.118679711093705
-1.175188035303151
-2.967650419378657
0.235738013392222
-1.7270965175086275
-3.0836975623920466
-0.35450160809034514
-3.84744143495179
1.875550555346308
-0.20224990543302113
-1.0128305703422882
2.0417037906047426
0.6556704761000702
0.7672462951545072
1.4065976279896688
-0.8305813126634689
-0.2546254462552042
-1.9404308802795356
1.7501697316338038
0.0033123570258624113
-1.2737385748524872
-3.0223456656270002
-2.2483925079105234
-2.963967642003439
0.14255941885831191
-2.9028589710447363
-2.1898064960069803
-0.28456150362355004
0.5051093509476914
2.5600727377737797
-1.1418866458601968
0.01242951980377427
-0.8698585817586206
0.5060464815144314
1.1030132305294984
-2.381732781256133
1.9177457718873256
0.040884217600989814
0.9493296230415922
-0.024988169650299596
-2.415918371804878
0.1578230987877305
-0.9572691608351391
0.9033072695358157
-0.6223192010771328
-2.214875637040862
2.7758045046911093
-0.31474360641759347
0.35989612030833484
-0.26401395897607927
-2.767815320701189
-0.21017146133152664
6.043507799609245
1.2441021927175484
4.279835069417359
-0.1788475562313181
0.17352045182967402
-0.9354755420461913
0.07530003377198113
0.05440790645846505
0.9505672694257896
