Iterations A-12
1
1
1
1
1
2
2
1
1
2
1
1
1
2
2
2
2
2
1
3
22
1
2
2
1
2
1
1
27
2
1
2
3
1
1
1
2
1
3
3
1
3
1
2
2
1
3
27
1
2
2
2
23
1
2
1
2
2
2
2
1
9
3
1
2
2
1
1
1
2
2
1
1
1
1
2
2
1
2
2
1
3
1
1
1
2
2
2
1
2
2
1
2
2
1
1
1
2
2
2
1
1
1
1
1
1
2
1
1
1
1
2
1
1
3
1
1
2
2
2
2
1
2
1
1
1
3
2
42
2
1
2
2
4
1
1
2
1
2
1
1
1
2
2
1
1
2
1
2
2
2
1
2
1
1
2
1
2
2
2
1
3
2
1
1
58
1
2
2
1
1
2
1
1
2
2
4
1
1
1
2
2
2
2
1
2
24
2
55
1
22
1
1
2
1
1
24
1
2
1
1
1
1
1
1
1
1
1
7
2
1
4
8
2
1
1
2
1
1
1
2
1
1
3
2
1
2
1
2
2
1
3
1
2
30
2
2
2
1
1
2
1
1
2
2
2
52
2
1
4
1
1
1
2
2
1
2
12
2
1
2
1
2
1
2
1
1
1
1
1
2
1
1
1
1
18
2
3
1
18
2
5
1
1
1
1
15
2
2
2
1
27
1
2
2
1
1
2
1
