Trace-0.4772759675979614
2.628679394721985
0.7058217525482178
-0.40818655490875244
-0.6887995004653931
-0.3253474235534668
-2.1735974550247192
-1.352828025817871
0.14735567569732666
-0.3892472982406616
1.6919482946395874
1.6625027656555176
0.14695847034454346
-0.2018125057220459
0.6690268516540527
0.9292312860488892
0.3240269422531128
-1.6945867538452148
1.8868803977966309
1.3578718900680542
-3.5496236085891724
-2.868944764137268
0.4154294729232788
-0.929163932800293
-0.9554959535598755
0.32033705711364746
-3.6416430473327637
-0.9711326360702515
-2.038533329963684
-1.7812341451644897
-0.8438622951507568
-0.6541471481323242
-1.1090153455734253
1.0099787712097168
-1.1604679822921753
2.52776563167572
-1.2026488780975342
1.826655626296997
-1.337351679801941
-1.2917799949645996
0.7942333221435547
1.3018933534622192
-0.6397347450256348
1.1572946310043335
-0.5329892635345459
1.1547143459320068
0.09946393966674805
-1.410948395729065
-0.14058935642242432
-0.7152451276779175
-0.976143479347229
-0.6117146015167236
-0.563525915145874
3.1941659450531006
2.488019824028015
0.5548489093780518
-2.7597540616989136
0.8266741037368774
1.7193756103515625
-0.22128081321716309
0.6110210418701172
-1.0436310768127441
1.527177095413208
0.9501829147338867
-0.13029241561889648
0.7398265600204468
-2.5923560857772827
0.5358502864837646
0.8060215711593628
-2.1357157230377197
0.22592759132385254
1.492980718612671
-2.7677873373031616
-1.9853451251983643
0.2372070550918579
-1.9943653345108032
3.2153475284576416
-3.7173627614974976
-0.38543248176574707
-0.9909546375274658
-3.44669246673584
0.6173639297485352
-1.1581013202667236
-0.36676323413848877
-3.1040167808532715
2.9085631370544434
-3.2559672594070435
3.0749833583831787
0.33580875396728516
-0.21534204483032227
0.8225634098052979
2.6561676263809204
0.5877388715744019
-0.6686545610427856
-1.131341814994812
-0.6871507167816162
-2.0851751565933228
0.28634166717529297
-0.8800076246261597
0.8055996894836426
1.7621079683303833
-0.05144500732421875
0.13927042484283447
-0.21704232692718506
0.007042646408081055
0.6614395380020142
-0.16517579555511475
-0.7072455883026123
-1.3394471406936646
-2.571011185646057
1.3178766965866089
-1.523109793663025
-2.524908185005188
-1.0577270984649658
-0.7315962314605713
-1.221593976020813
2.3010265827178955
0.512712836265564
-0.4931715726852417
-0.5429514646530151
-1.148267388343811
0.6072937250137329
-0.04212677478790283
1.4581303596496582
-2.537750720977783
1.4226824045181274
-0.19532382488250732
0.7578794956207275
-2.143495559692383
2.8630260229110718
-0.09558045864105225
-1.0501008033752441
3.2954591512680054
0.02261936664581299
-1.5239076614379883
0.21181726455688477
-0.3177741765975952
0.7724415063858032
-2.6842457056045532
-1.0403074026107788
1.0201399326324463
-0.7841442823410034
-0.8433859348297119
-3.0297858715057373
-1.0630370378494263
3.6556583642959595
0.9976658821105957
-0.43841445446014404
-0.7338149547576904
-2.7137022018432617
-2.1969178915023804
2.2350417375564575
-0.43806564807891846
-1.5561273097991943
-1.8458597660064697
0.8599518537521362
-2.0120606422424316
-0.6241903305053711
-1.1324001550674438
2.6561760902404785
1.6661748886108398
1.9134362936019897
1.4545398950576782
0.9748904705047607
1.9693877696990967
-0.5075217485427856
-0.7440998554229736
0.4972785711288452
3.0152194499969482
0.5856554508209229
-1.3943300247192383
-0.2513526678085327
1.2495349645614624
0.13054394721984863
0.4746667146682739
2.063039779663086
1.439000129699707
0.4212353229522705
1.3572888374328613
0.3011671304702759
1.28785240650177
-1.6295554637908936
1.241058349609375
-0.36498069763183594
-1.3883816003799438
-2.466068744659424
0.0015749931335449219
-2.0425230264663696
0.7996745109558105
-0.31823861598968506
-2.74483060836792
1.5586705207824707
-1.3781466484069824
-1.8202576637268066
0.32222700119018555
-1.3738129138946533
-0.6425338983535767
1.2610124349594116
-2.358047842979431
1.3559575080871582
2.1315289735794067
-0.15379273891448975
-0.7295433282852173
0.6836382150650024
-0.8027241230010986
-0.549089789390564
-1.0669654607772827
-2.215358853340149
1.7247437238693237
3.871634364128113
0.9301673173904419
0.41374874114990234
0.13319778442382812
3.584807515144348
1.4089460372924805
-1.6935747861862183
-1.341835379600525
2.8668861389160156
-2.3254542350769043
-3.292804479598999
-3.1422553062438965
0.0575406551361084
-1.5585130453109741
1.9810065031051636
-0.3676258325576782
3.44282329082489
1.5483582019805908
-0.8448467254638672
0.32782936096191406
2.1388405561447144
1.6455079317092896
1.655126929283142
2.6354124546051025
3.0061761140823364
-0.8275766372680664
1.0991342067718506
0.08704078197479248
0.7150989770889282
-2.5314950942993164
-1.1539421081542969
-1.4683324098587036
1.4519098997116089
-0.8266353607177734
-2.6718958616256714
-0.5253922939300537
0.7127174139022827
0.4025125503540039
-3.804620385169983
1.8754775524139404
2.932757019996643
-0.21651721000671387
0.4072120189666748
0.8412348031997681
1.3445225954055786
0.13627707958221436
3.0690773725509644
2.086108446121216
-0.6287473440170288
2.0043340921401978
-0.5035347938537598
-3.41698157787323
0.7556687593460083
-2.840699076652527
-0.34371674060821533
3.6941860914230347
2.516740560531616
-2.0206257104873657
-3.0851621627807617
-0.0058068037033081055
3.0411651134490967
-0.7004790306091309
-0.9385483264923096
0.026938557624816895
0.2830162048339844
-2.1554651260375977
-1.1178874969482422
1.6495215892791748
-2.6348248720169067
0.16541218757629395
0.47835302352905273
2.1692153215408325
0.3775066137313843
0.758963942527771
-1.9514344930648804
-1.8246543407440186
-0.4371432065963745
1.3766958713531494
1.1124123334884644
-2.3483718633651733
2.2139254808425903
3.512130618095398
-0.5407083034515381
0.045594215393066406
-1.2052562236785889
-2.6989517211914062
0.7411173582077026
0.7711001634597778
-0.9145796298980713
-0.6932717561721802
1.4254484176635742
