Determinant-2.7859495042323488
-3.3886947785991737
4.184080344694053
-0.03967461712466047
3.6145717737151415
-0.03068414948887721
1.858988510188425
-2.0294404970801025
0.545108161162986
-1.4507503342148453
2.401357090848947
1.3382038080929988
0.7329129757523418
0.16932826763206776
2.7976974177525022
-1.8257586498563398
-0.40596258011862574
-0.8620501511892371
1.1682949227945016
-0.7548535026811294
-0.09339948317027336
-0.7978562350222802
0.1362052244949581
0.8230319648298376
1.0449620869399894
2.915736760669674
1.3578103527170242
1.617625854289514
-1.9353232840142454
0.5005693634771404
-4.071686895124714
0.4678057293557458
-0.6874150050862795
-0.11203185707108787
2.444993969068477
0.6771123938657553
-1.978160375824018
-0.21887776911539447
0.2920823697579067
1.3789600358498149
0.5272492898090348
-5.711915513069044
1.4793880708176346
1.5864408863370727
-0.8144687806575774
-2.891005985811404
-2.4604265902338085
-3.0184933203693447
0.15049903977632084
-1.8716287347714342
-2.00114641129241
-1.0005060073218885
0.6217794527894824
1.055123361179426
1.9624228373248798
-0.6324314120156203
-2.5575556267750983
-2.0011930602632333
-1.9278097605370021
-1.114324137781196
2.0621011116002848
1.4140722711078126
-1.0150273933464575
-0.4502798696129702
-0.29110125710580803
-2.1273045197416707
0.08595504397793263
-0.31113009697642724
2.313601620210534
0.9231427573846815
-1.8496661630979787
-0.9978954167118559
1.0543438588569387
-0.8955109905684111
-1.1867045677480235
-3.020911158408353
-0.8767137811320822
-1.5160476624187424
0.5958835385324335
-0.06804919033260148
-3.144554696316419
-2.3168542710932627
-0.5200298031339088
2.2433114396425538
-1.2683143784450834
-0.40915035865569394
-1.1835838785503512
-3.5606524829748594
-1.1450319747234943
2.2351518747034476
2.9654656812758304
-2.0643128805713786
0.35292200155890896
-0.24641990264885294
0.8292463208042307
2.758660261665497
-0.5266215763113564
0.9580465377401453
-1.1035227354886388
-0.979182772000172
3.6999211123758187
-0.14899639467455472
1.2554452470169508
-2.326425726998366
0.1177993389948142
2.4356330720183053
1.312487281027586
-2.073771672801854
-0.14860383285451917
2.6197392639140418
0.16171102946644567
1.828891179972672
5.037098066971282
-0.6468654737734312
1.5185046682121595
0.09878226868319473
-0.8759819309558026
0.20219323734792738
0.0831397785036927
0.4909861538419307
2.0423282256815583
-3.5365129176177845
-3.450076869856815
-3.5258536721958222
1.7009658486039143
1.7779696724995517
-6.300021524568066
-1.1125971887797306
-0.8183504435086206
1.0191896174384993
1.664341951240317
0.8163268576158345
-2.1301301042846887
-2.534772224303879
-0.7315748965133935
1.7322585873703389
-2.0537097309527326
-2.269772327830367
0.41861048211043794
-1.050100358698188
-0.6236300111058455
-3.7297148628150865
0.8165625411101587
-1.669734612789199
-0.9045569029890856
0.9037110783059461
-2.7041691482067733
0.9485826860323954
0.4886650880916079
0.16064789682947378
1.6251459299698752
0.5305731571488366
-0.4932462995498952
-2.6776094920465
-1.242762161031024
-0.9442824707172264
-0.9769937495841816
-0.01708980665911497
-1.2597754379555113
3.58401591124354
1.84851383120386
-1.1138244401432615
0.02005339505097936
-0.08657859562777048
0.7334251851048634
3.0348843977612887
-2.309338979017028
0.2904281935509516
-2.455994267275287
1.49346042555473
2.249071414544261
-2.5515651555786008
1.8721353635615543
0.6126979490672682
1.1615489771594127
-2.0848911189355164
-0.5063650427743625
-0.5107173335556041
0.7838633000646382
0.94411186157879
-0.1724824548904138
-0.44881664077043126
1.2870021758960206
1.8297826476181456
-0.8238715243417971
-0.011318083211932617
0.9288243363769055
-1.3885567467647775
-0.3758039980547352
-1.6201235857450058
-0.432988728046638
4.0946904012157574
-0.10082561938486378
-1.01226050406882
2.2815379466094043
-0.3137271352820932
1.9246372327446863
-0.23711135457948274
-1.4787538644918072
2.459817914604315
1.09078305902068
-1.1719655062662753
-0.9362290653838556
-1.3725676640716387
1.1092086805471695
1.6086736797736876
-1.2729982480228017
2.4550338424787697
0.48487232811859826
-3.302287089928967
0.474949147715904
4.301663409709079
-3.8161681839889923
-0.06255406900964999
-0.17379384275551502
2.1177694861323744
-0.07313193034818255
1.3467730424601
-2.155126285867169
-0.7505359219074563
-2.256276132037584
-1.2542918836526127
1.978617492093477
1.459157674090335
-0.003918958417372664
-0.4463278951952958
-1.6527451928529473
-0.9063145263532135
0.017813102077155918
-2.60374581836453
2.3978621958631408
0.9376416752208172
-2.1603921163899145
-2.1072609029360194
-0.21782777841053758
1.531204587021648
2.3248427930830786
-0.13488998502296567
1.542156631764243
-2.882739232969797
0.6602793255022874
0.6771223336767207
-0.3582242988945836
-0.7944332975998236
-1.0694376008056565
-1.5313301431261266
-0.9951961425771572
-2.6795394740693013
3.3210626533935397
2.6635605441988446
-0.535187941166086
-1.0140649908190653
-0.9219043568743928
-0.8842954582368492
-0.8535088935454951
0.6856521953851313
-2.028763434875799
-2.171286487602515
2.490537236603558
1.0677437665029572
0.08028169538937391
1.003284048118175
3.4772411305573314
-0.38142743168025106
0.24748379915092755
1.4359752586115349
-1.2851156386467437
-0.07037153030717036
0.4677358135717782
1.3366539380247389
0.7556637846716541
-1.489791640163105
0.13972698319602728
1.9670018325846428
0.42380415276539907
0.3517824830859695
0.10279674202058686
-0.5570012328437883
0.3161076642335132
-0.3909758966915149
-0.004402026160875039
0.5268885802069718
0.2447829542472988
-0.8498063180558546
1.668508488394707
-0.8620354883185968
-0.15718946446467896
-2.160706047515035
1.5289854556963718
1.887688149645868
-3.0076379202469354
-1.835883168132412
2.362248909088464
2.3420591690703674
-0.6800520723653278
-1.1367602764707527
-1.5473399998195987
0.20459563835302674
0.16107267840450845
1.474518542246841
