Iterations A2
2
1
1
1
2
1
2
1
2
1
2
1
1
4
1
1
1
44
1
1
1
1
1
2
1
1
1
2
1
2
1
2
1
100
1
2
1
1
29
1
2
1
1
1
1
1
1
1
2
2
1
1
1
1
1
1
1
1
1
1
1
1
1
1
1
1
2
5
1
1
2
1
2
2
1
2
1
1
2
1
2
1
1
1
2
1
1
2
1
3
1
1
2
1
1
1
1
2
2
1
2
64
1
3
1
1
1
1
1
1
2
1
1
1
53
2
2
2
1
1
1
1
1
1
1
1
2
2
1
1
35
2
2
1
2
1
1
2
1
1
2
2
1
1
40
1
1
1
15
1
1
2
2
2
2
2
2
2
1
3
1
20
2
25
10
1
16
1
2
56
1
2
1
30
1
1
2
3
30
2
2
2
100
1
3
1
2
2
2
1
1
2
2
2
1
5
1
2
3
1
1
1
1
1
1
1
79
1
1
1
1
1
1
1
1
2
38
1
2
2
1
3
1
1
1
1
1
1
2
6
23
1
1
1
2
2
1
1
1
1
1
1
1
1
1
2
2
1
2
2
2
1
1
2
18
2
1
1
5
1
1
1
1
1
5
1
1
1
1
2
1
1
2
36
1
1
1
2
2
2
2
1
1
1
2
2
1
41
1
2
1
5
2
2
2
2
1
1
40
