Iterations A-12
2
1
2
1
2
1
2
2
1
1
2
1
1
6
2
1
1
41
1
1
1
2
1
1
1
1
1
1
3
2
1
2
2
100
1
2
1
2
29
1
2
1
1
1
1
1
1
1
2
2
1
1
1
1
1
1
1
2
1
1
1
1
1
2
1
21
3
8
2
1
2
1
2
2
1
2
1
1
3
1
2
2
1
2
2
1
1
2
2
2
1
1
1
2
1
1
1
2
1
1
2
61
1
1
2
1
1
1
1
1
1
1
1
1
62
1
49
1
1
1
1
1
1
1
1
1
1
1
1
1
33
1
2
2
1
1
1
1
1
2
2
2
2
2
42
1
3
1
15
1
1
2
2
2
2
2
3
2
1
1
2
8
1
25
10
1
16
1
1
49
1
6
1
26
1
1
1
2
27
2
1
2
8
1
2
1
2
1
1
1
1
2
2
1
1
5
1
2
3
1
1
2
1
1
1
2
79
9
1
1
1
1
2
1
1
1
34
1
1
2
1
2
1
2
2
1
1
1
2
23
2
1
1
1
1
1
1
1
1
2
1
1
1
1
2
2
2
1
2
2
2
2
1
2
19
2
1
1
4
2
1
1
1
1
25
1
1
1
2
1
1
24
1
2
2
1
1
1
2
1
2
1
1
2
2
1
2
41
1
2
1
100
1
2
2
1
2
2
51
