   Determinant				Trace			Iterations A	Iter A-1
0. 2.27945992159583		3.042037010192871		100		1		
1. -0.7661639812873204		-0.2816753387451172		2		2		
2. 1.7198159685647312		0.06964635848999023		2		65		
3. 3.5169470417873185		1.4105027914047241		1		1		
4. 1.6742929849434915		-1.5687953233718872		2		1		
5. 0.2879088686804323		1.5831576585769653		24		1		
6. 0.7990027167086708		1.8175643682479858		1		13		
7. 0.9922681324890874		-2.405738115310669		1		2		
8. 1.9300463019217915		-1.2738076448440552		3		1		
9. -0.4278060362054248		-1.1477028131484985		1		1		
10. 0.15438292150800237		1.3027657270431519		24		2		
11. 2.7649851278479787		-2.5249701738357544		2		1		
12. 1.4095475318918744		-2.1987513303756714		3		1		
13. -2.331044551242087		-0.2671473026275635		1		10		
14. -1.3736487717794716		0.6168146133422852		1		1		
15. -0.17822010312266912		-1.0986908674240112		1		2		
16. -1.5882518339927572		0.5520006418228149		1		1		
17. 2.001570043650588		-1.8124815225601196		3		2		
18. -2.9676368015614543		-1.2291560173034668		1		2		
19. 0.6475782561402212		-1.4811317920684814		5		1		
20. -0.9188699250701688		-1.2951852083206177		2		1		
21. 0.5417624130296872		0.31277525424957275		1		5		
22. -2.6441181568084033		0.45460236072540283		2		2		
23. 1.1052469300202006		1.1993125677108765		1		1		
24. -3.636040412171468		-0.932192325592041		2		2		
25. 0.3607496939803383		-0.4598052501678467		2		2		
26. -1.132598232521218		2.875670313835144		2		2		
27. 1.0685998147560838		0.30521297454833984		1		2		
28. 1.048110181826388		-2.011884331703186		2		2		
29. 1.8636009817969352		-2.9315775632858276		1		2		
30. 3.706266977220565		-0.8397743701934814		2		1		
31. -0.42902780848518773		-0.18433892726898193		1		31		
32. 1.094605968347338		2.8511511087417603		23		1		
33. -0.3792027130305513		-0.4258239269256592		2		2		
34. -0.7591068810747856		0.5966281890869141		1		2		
35. -0.9148610801889703		0.9063926935195923		1		1		
36. 0.3916107816795602		-1.2390927076339722		22		1		
37. -3.1424805964866493		0.34460651874542236		2		1		
38. 0.922686557916407		0.6945030689239502		1		2		
39. 4.508373578509378		3.42656934261322		1		1		
40. 0.5404025951416429		-1.595741868019104		2		2		
41. 0.2489584336194497		-0.08641040325164795		2		1		
42. 1.9586575536660717		-2.6619160175323486		4		1		
43. 0.38966247545747024		0.803408145904541		1		2		
44. -0.47687245885620655		-1.4876219034194946		2		25		
45. 1.6982052564630408		-2.656270384788513		90		26		
46. -3.557157864607248		0.4097200632095337		2		2		
47. -0.8220419219148596		-0.977401852607727		2		3		
48. -3.1692790435107128		0.4493746757507324		2		1		
49. -1.1023810407845929		0.1460789442062378		2		1		
50. -0.9973922059545117		-1.7514028549194336		1		1		
51. 0.5840031191720101		-1.7299392223358154		1		2		
52. -1.3451209090410146		-0.015485763549804688		1		34		
53. -0.7943682686364184		0.05805516242980957		2		1		
54. -0.3614167649242006		-0.3689849376678467		2		1		
55. -0.8047370319762308		0.8424890041351318		2		1		
56. 0.4469324992255963		1.1541112661361694		2		1		
57. 2.092891450689933		1.5832324028015137		1		1		
58. 3.460673467218598		2.2495869398117065		1		1		
59. -0.3120502027771721		-1.8551948070526123		1		3		
60. -0.4807762270332603		1.2019068002700806		1		2		
61. 2.8879472571868234		2.5291751623153687		1		3		
62. -0.890562535374329		-2.145241856575012		1		20		
63. 0.46147535136014994		2.368683695793152		30		2		
64. 1.2179181720209868		2.2193409204483032		1		1		
65. 0.6389056290511235		1.8152903318405151		1		1		
66. -0.5163551842033343		1.0090086460113525		1		1		
67. 1.4576526777104846		-2.1618303060531616		6		84		
68. -0.7711425311189544		-2.40347421169281		1		2		
69. -0.17680893456079616		0.4760868549346924		2		1		
70. -1.1112726010184417		-1.4976601600646973		2		2		
71. -0.8852771529860775		-0.0746622085571289		2		1		
72. -2.7093741245579537		-0.014539241790771484		1		6		
73. -0.1002478034110652		-0.4957214593887329		2		1		
74. -0.06292740674582831		0.6837519407272339		1		3		
75. -1.3990963374588148		0.24061226844787598		2		2		
76. -0.9030856611773714		-1.580797791481018		1		2		
77. -0.9891412737137415		-0.6987850666046143		1		6		
78. 2.016553189851635		2.8661128282546997		1		2		
79. -0.31265563573292354		-1.7202595472335815		2		16		
80. 2.4012544171541634		-3.223755955696106		1		2		
81. -0.3436378603031329		-1.0955593585968018		1		2		
82. 1.4185900012894734		-1.5950922966003418		3		43		
83. 2.204057495011625		-0.6965581178665161		1		35		
84. 3.0410482551208133		3.5695765018463135		84		2		
85. -2.1320018888129937		0.5001310110092163		2		1		
86. -0.21899483859942848		1.6846554279327393		2		1		
87. -0.37667582809427813		0.5990028381347656		2		1		
88. 1.000758674510692		2.6098692417144775		24		2		
89. -1.9324731429417739		-2.1738290786743164		1		2		
90. -1.115923417751958		-1.3731884956359863		1		1		
91. -1.1965351500048627		-1.624236822128296		1		1		
92. -2.340605741624003		-0.21338391304016113		1		2		
93. 2.569400778951305		-1.8441109657287598		2		1		
94. 2.184433813674616		0.16259765625		2		1		
95. -3.0614088770072385		-0.3938404321670532		2		2		
96. -1.358614335121004		-1.0961498022079468		1		1		
97. 0.20521010791816252		-1.010210633277893		1		1		
98. -3.6330167679014522		-1.1950585842132568		1		1		
99. -1.9998040223047582		1.6365629434585571		2		1		
100. 3.376439305146164		2.4998852014541626		1		100		
101. 1.340159453263837		-1.3373053073883057		1		2		
102. 1.2274047948432951		-0.099800705909729		2		1		
103. 2.05128105422925		2.280348300933838		1		1		
104. 3.913805665677387		3.460121512413025		1		3		
105. 1.8099803708315108		-3.304879307746887		1		21		
106. -1.125178115527703		2.151937246322632		2		1		
107. 1.5610598791129604		-0.28468096256256104		2		1		
108. 0.7394545268665667		-1.6125096082687378		6		1		
109. 2.424631910685463		1.2681514024734497		2		1		
110. -0.1571963350839951		-1.0992728471755981		1		18		
111. 1.281379898528698		0.7916544675827026		1		3		
112. -0.7260951322530218		0.7885713577270508		1		6		
113. 1.712218086835236		-2.438224673271179		4		1		
114. -1.066549441621845		-0.017671704292297363		1		1		
115. -1.8101216222003984		-0.4229602813720703		2		2		
116. 0.7921056934877413		2.8481885194778442		19		1		
117. -0.18886788717568948		-0.4476410150527954		2		2		
118. 0.6273487610142752		-3.2545424699783325		1		2		
119. 2.4698456709336227		-2.691960334777832		3		4		
120. -1.612707043607557		1.203505516052246		2		2		
121. 0.9197264997696948		-1.010299801826477		3		2		
122. 1.8343054884702923		-0.029660940170288086		1		2		
123. -1.0875433355567026		0.6859668493270874		1		1		
124. 2.070844155053308		-2.540239930152893		5		2		
125. 0.12241451721391172		0.1805422306060791		1		1		
126. -0.24010980693334716		1.8988057374954224		2		1		
127. 1.4427763454412599		-2.403403401374817		100		1		
128. 0.7589829354075874		0.11797380447387695		1		15		
129. -0.9317995242085431		-0.3795166015625		1		1		
130. 0.014972250032627699		-1.5452930927276611		1		2		
131. 3.230809136243465		2.594277501106262		1		1		
132. 2.0979552293850645		-2.447229266166687		4		24		
133. -1.400658091579885		0.17952954769134521		1		2		
134. 1.9563636658439378		0.9272555112838745		2		1		
135. 2.2022784242143842		1.4916300773620605		1		1		
136. -0.6655784040788149		-1.0514087677001953		2		1		
137. 0.6407379306303369		-2.170097231864929		23		2		
138. -4.086008781073062		-0.11898493766784668		2		1		
139. 1.3329726044568702		1.1178587675094604		1		1		
140. -1.074849400813548		-1.1602489948272705		2		47		
141. -2.3614292211503596		0.7000381946563721		2		1		
142. 2.4117188630932276		1.8618730306625366		1		7		
143. 1.457354855254664		-2.1853270530700684		6		1		
144. 1.8872042635226052		-2.9767861366271973		1		2		
145. 0.07729527041135498		-0.7788035869598389		22		4		
146. -2.72808314688983		-1.554958701133728		1		2		
147. -3.3614333902191618		1.080861210823059		1		2		
148. -1.045544385419504		-1.9337061643600464		1		2		
149. 1.1295284384846127		2.3901785612106323		1		1		
150. -0.7393468634764133		0.7025524377822876		2		2		
151. -0.5319715804366609		-1.0963329076766968		2		1		
152. 1.3183017700591506		-1.6315715312957764		2		1		
153. 0.26311416530782594		-0.9997135400772095		13		2		
154. -1.3503993764521312		1.5663484334945679		2		2		
155. 0.07835451991621767		-2.488336205482483		1		2		
156. -1.9932915503018762		-0.9573413133621216		1		1		
157. 1.6814544566629763		3.3309075832366943		30		1		
158. 0.38144420119412814		-0.8685466051101685		3		1		
159. -0.13944517997633454		0.06906008720397949		2		1		
160. -1.5119696132212113		-0.9902021884918213		1		1		
161. 0.012548128798940184		-3.7750152349472046		1		1		
162. 0.7935614859661086		3.9095526933670044		17		2		
163. -0.07952429040520315		2.395527958869934		2		19		
164. -1.7780819424413608		-1.373272180557251		1		1		
165. -0.17878148113429404		0.6618871688842773		2		1		
166. -0.6861311491233977		-0.3562796115875244		1		1		
167. -1.3469357138989864		0.6691300868988037		2		2		
168. 2.5251520079271046		-0.039771437644958496		1		2		
169. -0.7451333045684265		0.025079727172851562		1		1		
170. 4.5865442940924055		2.5015310049057007		1		2		
171. 0.21383415282326723		-0.23857390880584717		2		2		
172. 1.793731837813013		1.7342689037322998		1		1		
173. 1.0613247259615832		-0.1280609369277954		2		3		
174. 2.5417720831041635		2.9137096405029297		1		1		
175. 1.494707743993331		1.738918423652649		1		2		
176. 3.6925664274677246		3.007175922393799		1		1		
177. -1.2952711537518269		0.685207724571228		2		2		
178. -2.3197753777564856		0.754511833190918		2		1		
179. -0.23845493640097004		1.3371822834014893		2		3		
180. 3.0536476722046615		2.885535955429077		1		1		
181. -0.5159174709368557		2.3065606355667114		2		2		
182. -1.00212182957857		0.6828665733337402		2		2		
183. -2.7294416635452876		-0.16990017890930176		1		2		
184. -2.0283653244148354		-1.5415570735931396		2		81		
185. 0.5217731250309754		-1.498589277267456		69		2		
186. 0.642334862533005		0.5212253332138062		1		1		
187. 1.814633421256417		-2.42523992061615		3		2		
188. -0.49706038358928595		-0.6092439889907837		1		27		
189. 1.6074656785972081		-0.4052320718765259		1		2		
190. -2.6240453533608843		1.1001750230789185		1		2		
191. 4.306833226079078		-3.3337717056274414		3		1		
192. -1.1538898671530546		-0.47537195682525635		2		1		
193. 2.54747743000965		0.5806835889816284		1		2		
194. -0.07139957685566856		-0.2587846517562866		1		1		
195. -2.209795952870337		-0.8279191255569458		1		2		
196. 1.6885181719003413		1.269060730934143		1		2		
197. -0.43434261821283826		-1.185810923576355		2		44		
198. 1.8428011009890355		-2.485633373260498		2		1		
199. 1.002298736179668		-2.4659223556518555		1		1		
