Trace0.8516442775726318
0.21303331851959229
3.3504966497421265
-1.384007215499878
2.6798709630966187
-1.8587501049041748
0.6121323108673096
-0.24915003776550293
1.330127239227295
0.8760830163955688
2.251617431640625
-0.6976377964019775
-2.129752278327942
1.7987923622131348
-3.135465383529663
-2.264962911605835
-1.072058916091919
0.5886479616165161
2.3721874952316284
1.1328892707824707
-0.5658547878265381
0.4934713840484619
0.6334531307220459
-2.0034029483795166
0.4859788417816162
1.7482069730758667
2.5880815982818604
-2.640028953552246
1.9079029560089111
-0.7939794063568115
-0.17630648612976074
1.3649762868881226
-1.204012393951416
-0.4220219850540161
3.151044011116028
-3.4943430423736572
-0.5931289196014404
-0.01966071128845215
0.48244988918304443
2.8949705362319946
-1.8976187705993652
-0.9363042116165161
-3.0675952434539795
0.6017540693283081
-1.4820228815078735
1.6554495096206665
0.3472849130630493
-0.09738373756408691
-1.8110674619674683
0.7030079364776611
-0.14449858665466309
0.40771615505218506
1.9385870695114136
0.8970317840576172
2.7596675157546997
-0.21288514137268066
0.13570964336395264
-0.5910094976425171
-2.0348622798919678
1.4202964305877686
2.191606283187866
1.7774418592453003
1.016992449760437
-1.3527007102966309
-2.1994168758392334
-1.0594066381454468
-0.8970797061920166
-1.3873690366744995
-2.937197685241699
1.132954716682434
-0.9966596364974976
-1.1769331693649292
1.0936462879180908
0.3539057970046997
1.120033621788025
0.8164116144180298
-0.5117378234863281
0.06491279602050781
1.5972764492034912
-0.5632628202438354
0.9101914167404175
-0.3969094753265381
-0.7589002847671509
2.5253732204437256
-1.6660963296890259
0.563339114189148
-0.4283713102340698
0.11894261837005615
-0.5879502296447754
0.13475775718688965
-1.9435540437698364
-0.22747266292572021
0.7840185165405273
1.4103559255599976
0.036847591400146484
1.859236478805542
-0.34123659133911133
2.2540743350982666
1.3286360502243042
2.698021650314331
0.921555757522583
1.150930404663086
2.335323691368103
0.14533579349517822
-0.351351261138916
1.5599268674850464
1.0814669132232666
-0.5747671127319336
-1.1105010509490967
1.8014228343963623
1.3889966011047363
1.2390496730804443
2.567304015159607
-0.33309829235076904
2.570365071296692
0.6602661609649658
2.0293896198272705
-0.9596935510635376
-0.23059427738189697
1.3355807065963745
-3.3561208248138428
-1.4317432641983032
-0.3788865804672241
-0.6284410953521729
2.4303219318389893
1.6970947980880737
0.1714482307434082
2.4549285173416138
2.571578621864319
2.2665477991104126
1.737571120262146
2.144765615463257
0.9699528217315674
0.7892253398895264
-2.0481120347976685
1.3018566370010376
0.5967950820922852
-0.5855435132980347
0.41196000576019287
0.3263648748397827
-2.237356662750244
0.8083215951919556
-0.7555259466171265
-2.4462743997573853
-2.7110865116119385
2.1036797761917114
-1.4711874723434448
-1.1966546773910522
0.5031412839889526
2.4176182746887207
1.7223458290100098
1.3654354810714722
-0.524172306060791
0.31814050674438477
0.18092727661132812
-0.1459667682647705
0.2838057279586792
-1.722745656967163
-0.9045827388763428
3.248413920402527
-1.3553383350372314
-1.7231258153915405
2.216767191886902
0.9698071479797363
2.2933915853500366
-3.440230965614319
0.2569539546966553
2.0997254848480225
-0.6837185621261597
0.2935812473297119
3.215343952178955
-1.3519047498703003
-2.4268985986709595
2.008165955543518
2.7508844137191772
0.796380877494812
-0.07737839221954346
1.4913036823272705
-1.3192394971847534
2.5093095302581787
0.7170422077178955
1.4961254596710205
-0.8567104339599609
-2.726341485977173
-1.0584146976470947
1.5298563241958618
0.9139107465744019
0.6534680128097534
1.2286115884780884
1.1429507732391357
0.48547112941741943
3.523326873779297
0.4786494970321655
0.24526965618133545
-0.9266775846481323
-1.2692749500274658
-2.5755302906036377
-0.0377652645111084
-0.032758474349975586
-2.3398197889328003
0.8476358652114868
1.1091524362564087
-2.2662893533706665
-0.16989731788635254
-2.726157784461975
2.4544546604156494
-2.151748299598694
3.216422915458679
-1.302679419517517
-0.6676424741744995
2.0805094242095947
3.315142273902893
0.3486703634262085
-2.4444258213043213
-0.18612515926361084
2.212675094604492
1.4310368299484253
2.7003602981567383
-0.34762704372406006
2.162250518798828
-1.1992998123168945
0.10556221008300781
-1.7804949283599854
2.41095769405365
-2.807708740234375
-1.693953275680542
-1.153371810913086
0.06978344917297363
-1.9726840257644653
-0.9775075912475586
-3.0786325931549072
-1.920400857925415
-0.16261160373687744
-0.18346917629241943
0.5982309579849243
-0.6515127420425415
0.31847548484802246
1.231557011604309
1.4574499130249023
0.8396245241165161
-0.08708572387695312
1.7183018922805786
-1.0433905124664307
1.4433914422988892
-0.2594285011291504
-2.10938560962677
0.17638862133026123
0.1721874475479126
1.54433012008667
-0.40883803367614746
0.4782569408416748
0.07833659648895264
-2.0010560750961304
0.1283169984817505
0.8501428365707397
2.890253186225891
0.8523606061935425
-1.7257096767425537
2.2724369764328003
-1.9114106893539429
0.7636426687240601
1.982430338859558
2.698419213294983
0.09088587760925293
-1.9381300210952759
-2.382931351661682
-1.3795573711395264
0.8710458278656006
-2.7243999242782593
0.9935410022735596
-0.38123536109924316
0.512391209602356
-1.6605018377304077
1.1091524362564087
-1.6062870025634766
0.16009604930877686
-1.5391838550567627
-0.3875499963760376
-0.21036827564239502
-0.22713911533355713
1.73395574092865
-0.5596799850463867
0.6951673030853271
0.24183416366577148
-0.3225365877151489
-1.3137528896331787
1.5692121982574463
-1.787816047668457
2.7493534088134766
2.593833327293396
-1.7731707096099854
0.7807581424713135
-3.100576877593994
0.07219111919403076
1.135053038597107
-0.15384089946746826
1.453238844871521
0.92137610912323
0.001635909080505371
2.670565128326416
