Trace0.4691578149795532
2.13635516166687
0.5364458560943604
-0.16656649112701416
-1.9177100658416748
1.668353796005249
0.5154898166656494
-1.9880001544952393
1.3052257299423218
1.248817801475525
-0.1583116054534912
-0.026125073432922363
-3.837499260902405
-2.8987231254577637
1.00325608253479
0.3947775363922119
-1.5881778001785278
-0.06964683532714844
-2.26598060131073
0.20762157440185547
-1.4085509777069092
2.3071696758270264
-0.49680233001708984
-1.4295282363891602
0.0756223201751709
1.3880001306533813
-0.376278281211853
1.2442176342010498
0.29284238815307617
2.519269824028015
1.2103946208953857
2.04606032371521
-0.7646507024765015
-0.8774216175079346
0.5661464929580688
-0.9452199935913086
0.22565162181854248
-0.2609996795654297
-0.5487897396087646
-2.5614227056503296
-1.1671265363693237
1.9037203788757324
-2.027003526687622
2.6449795961380005
0.5883041620254517
-0.46918046474456787
1.7664607763290405
-1.5390160083770752
2.0616925954818726
0.9916601181030273
-0.4347054958343506
1.2932586669921875
-0.19468605518341064
2.5106444358825684
1.9820486307144165
-2.2104074954986572
0.02241337299346924
0.04426240921020508
-0.7624907493591309
-1.3686413764953613
0.12328672409057617
1.470526933670044
2.6175081729888916
-1.0507299900054932
-0.30866539478302
1.1305396556854248
-1.4571458101272583
1.5084874629974365
2.1102774143218994
3.7877715826034546
-0.2122899293899536
-1.893879771232605
-0.3197643756866455
-1.4990017414093018
-2.2953124046325684
3.2654248476028442
0.006824851036071777
0.9888243675231934
-0.33239662647247314
1.2397181987762451
-1.0348877906799316
1.8733946084976196
-2.4385794401168823
1.3868523836135864
0.29744720458984375
0.6238243579864502
1.1942681074142456
0.32886993885040283
-1.9882495403289795
-1.7567884922027588
-0.01923084259033203
0.3600292205810547
1.3310106992721558
0.31261539459228516
-1.4770028591156006
-0.8117918968200684
1.575334072113037
-0.009320616722106934
0.8067066669464111
-0.29949676990509033
1.1880730390548706
-0.6581908464431763
-0.5566067695617676
0.3042128086090088
0.007056474685668945
-3.166272521018982
-1.3078882694244385
-1.1575802564620972
-1.6107579469680786
-0.44595956802368164
-2.5271724462509155
1.5017215013504028
0.6496881246566772
-0.893771767616272
-0.06884610652923584
-2.7438629865646362
-0.5698601007461548
0.8340463638305664
-0.9600560665130615
0.7678066492080688
-2.5639963150024414
0.3736482858657837
0.08460235595703125
0.8248502016067505
-0.7262382507324219
3.2524595260620117
2.6672905683517456
-0.2860931158065796
-2.0539298057556152
2.4398218393325806
-1.858370304107666
2.1607459783554077
-0.1961362361907959
-0.6299523115158081
-2.64402973651886
0.49417638778686523
1.6540604829788208
1.6574839353561401
-2.4265414476394653
-1.7305539846420288
1.7969034910202026
-0.47999894618988037
1.3284966945648193
-0.539893627166748
-1.9847900867462158
-2.5423755645751953
0.5068579912185669
-0.8777450323104858
2.4446393251419067
1.38454008102417
-0.20265817642211914
-0.6104727983474731
1.2746288776397705
-1.7208868265151978
2.1597704887390137
-1.4795774221420288
-0.5573676824569702
2.835614562034607
-1.0310416221618652
0.23448669910430908
-3.3172266483306885
0.6400034427642822
-1.6424977779388428
-0.5495119094848633
2.203211545944214
-0.34047675132751465
2.5041946172714233
0.5044662952423096
-0.4284045696258545
-0.5647611618041992
0.4308573007583618
0.10652601718902588
-0.8137038946151733
0.46835362911224365
2.0092875957489014
0.1960819959640503
-0.5079789161682129
-3.7525748014450073
-0.7794904708862305
1.0745103359222412
-1.5410542488098145
-1.3876500129699707
-0.8053600788116455
1.3145252466201782
-0.7534711360931396
0.22936320304870605
-0.20437026023864746
2.4129832983016968
-0.26860547065734863
2.7165173292160034
2.8367080688476562
-1.7593257427215576
-3.2618502378463745
0.324398398399353
-2.310940980911255
0.7813879251480103
-3.2524315118789673
1.8063769340515137
-2.439915895462036
-0.8025915622711182
1.7450724840164185
0.5202082395553589
0.48244404792785645
2.183597207069397
2.5811846256256104
1.183653712272644
0.869483232498169
1.9355382919311523
2.204638957977295
-2.758519411087036
-0.21760797500610352
1.662294626235962
-1.9338616132736206
-1.1508421897888184
-0.3164803981781006
-3.2261862754821777
-2.1870527267456055
-0.5656307935714722
1.3115899562835693
-1.4276399612426758
-0.27137303352355957
0.402546763420105
1.7785223722457886
-3.4475011825561523
-1.516050934791565
-0.22312545776367188
1.1424052715301514
1.590804100036621
0.20808064937591553
0.013445615768432617
-2.6268718242645264
1.5346333980560303
-0.9687941074371338
-1.7148122787475586
0.3396725654602051
-1.4296281337738037
0.1273716688156128
-1.8142834901809692
-0.36041998863220215
1.225782871246338
1.799446940422058
-0.26847875118255615
-1.670446753501892
-1.341023325920105
0.527564287185669
-0.48215293884277344
0.3874976634979248
2.903412103652954
0.15516304969787598
1.2179746627807617
-2.620370388031006
1.8653628826141357
0.5278791189193726
1.6851180791854858
-0.7248601913452148
-0.11396336555480957
2.160485863685608
1.333581805229187
1.3413777351379395
-0.3444199562072754
-0.23568058013916016
-1.7410258054733276
-0.29694879055023193
0.9856327772140503
1.146569848060608
-0.5007003545761108
0.14481067657470703
1.5622069835662842
2.5023155212402344
-0.7624441385269165
1.045373558998108
0.562954306602478
0.04521358013153076
1.5981507301330566
-0.05951106548309326
1.1942071914672852
-0.7596182823181152
-0.573723554611206
-1.4579964876174927
1.8595716953277588
1.6563382148742676
-0.83253014087677
-1.8075679540634155
-0.5985380411148071
1.8131953477859497
1.9315460920333862
0.976433515548706
2.637987732887268
0.6700941324234009
-0.6762962341308594
1.684936285018921
3.4252289533615112
2.8386292457580566
3.3785964250564575
-0.0678185224533081
1.5810461044311523
0.9914472103118896
-1.9503238201141357
0.20291507244110107
1.8012837171554565
