   Determinant					Trace			Iterations A	Iter A-1
0. -0.046085232589092584		2.286301612854004		2		1		
1. -0.1012516983755063		0.06162071228027344		2		2		
2. 3.2529808974866086		1.2143657207489014		1		1		
3. -0.08482407843791862		2.006693482398987		2		1		
4. 0.5045669821199397		-1.92629075050354		1		1		
5. 3.65993115127759		3.7371530532836914		1		1		
6. -2.1402341779132286		-1.2983888387680054		1		1		
7. -0.8672654993158488		-1.4903101921081543		1		2		
8. -0.3750624763866739		1.362633466720581		2		1		
9. 0.925267965477218		-2.0621765851974487		1		1		
10. -0.9987521878457386		0.7680656909942627		2		1		
11. -0.22932803398015267		-0.316997766494751		1		1		
12. 1.593951866120051		-0.2204974889755249		1		2		
13. -1.1343036668787647		0.48803091049194336		2		2		
14. 3.234933623844782		-3.638063430786133		1		1		
15. 0.8459849195003386		0.8674548864364624		1		1		
16. 3.059538382461767		3.110018730163574		1		1		
17. -0.22569044069518895		-0.7968463897705078		2		2		
18. -0.5636170943909491		0.8089344501495361		2		1		
19. 0.8044286719564866		2.2566038370132446		1		1		
20. -0.4995419013869764		-1.8972160816192627		1		2		
21. 0.8267652469141638		-0.8185479640960693		2		1		
22. 0.9546205356488286		-1.5624051094055176		4		2		
23. -0.1090920904037489		2.349131226539612		2		1		
24. -2.3149476462757264		1.8239465951919556		2		1		
25. 0.628646549770508		1.5189706087112427		1		1		
26. 1.0216800615589818		-2.0374643802642822		1		1		
27. -0.2981572090172193		-0.633217453956604		1		1		
28. -3.8723632561625294		-0.9952800273895264		1		1		
29. 1.646247476765538		-2.6793057918548584		8		58		
30. -2.9431371286245565		0.455302357673645		2		2		
31. 0.19657047788675186		-0.04078972339630127		1		2		
32. -1.2064363141430476		0.671381950378418		2		1		
33. 0.5459042589603342		1.3730093240737915		1		1		
34. 1.3100248179579523		-1.9953490495681763		4		3		
35. 0.27622319950769736		1.2755718231201172		1		1		
36. 0.8573224841686624		-1.0362058877944946		2		2		
37. 1.2631706980797048		-2.218631625175476		12		8		
38. 0.05189499205111758		0.5605694055557251		2		1		
39. 2.1397544823161923		-2.9548940658569336		1		1		
40. -4.424684318278878		-0.5592612028121948		1		1		
41. 0.7424473357538517		-2.267150402069092		2		27		
42. 5.3772357100874615		-2.569390058517456		2		2		
43. 1.7918767528797162		-2.1259965896606445		2		4		
44. 0.13271378274087908		-0.27665984630584717		3		1		
45. 3.7983593341299837		-2.6934993267059326		2		3		
46. -2.1389142165430286		-1.169756531715393		1		1		
47. 1.9662440373311796		-2.43843412399292		4		3		
48. 0.37342496210609966		0.25524604320526123		1		2		
49. -0.017723733046054235		-0.8258025646209717		2		3		
50. 0.6837115048625151		1.0120618343353271		2		1		
51. 0.5925854373281396		-1.3433191776275635		1		6		
52. 2.6256529348250837		-2.4437472820281982		3		2		
53. 0.7756483245716481		2.132745146751404		1		1		
54. -0.7145442588835351		0.25154614448547363		2		2		
55. -0.8403473756931419		0.6056176424026489		2		2		
56. -0.8571043757549717		-0.8935073614120483		2		2		
57. 2.0888177051095767		-1.2703102827072144		2		1		
58. -0.38264474263182535		-0.3564796447753906		2		2		
59. 0.34829764514935846		-2.4922763109207153		1		1		
60. 2.7912711159928563		2.850387930870056		1		1		
61. 0.018023388660708406		-0.5524032115936279		1		1		
62. -1.752321526495166		0.4402596950531006		1		1		
63. 1.2538289527228414		-1.6041163206100464		3		2		
64. -0.05093754845538001		-0.7699571847915649		1		1		
65. 2.291682665076735		2.956088662147522		1		1		
66. -3.9497333315273124		0.5366443395614624		1		1		
67. -1.4738317107132985		0.4333667755126953		2		2		
68. 0.9410219228900303		1.320181131362915		1		1		
69. -0.9217445136006859		-0.27107739448547363		1		1		
70. 3.286235034714764		1.820530652999878		1		1		
71. 0.2405598220589127		-0.24284660816192627		3		1		
72. 1.508852392457328		2.7503821849823		36		44		
73. -1.3264296729180955		0.3390629291534424		1		1		
74. -1.6913950821308674		-0.5050387382507324		2		2		
75. 3.685274523506692		-2.76883864402771		3		3		
76. -1.3591793458780614		1.5650731325149536		2		2		
77. -1.540941564148227		0.4988139867782593		2		2		
78. -0.80883861114512		0.20408236980438232		2		2		
79. 0.21812261102063246		-1.5729131698608398		1		1		
80. 0.24275777696907141		1.6999176740646362		1		1		
81. -0.8156635746202312		1.0489381551742554		2		1		
82. -2.9091285086404355		-0.11179006099700928		2		2		
83. 1.4259650030714681		-0.43450963497161865		1		2		
84. -1.8892133929636117		-0.5782783031463623		2		2		
85. 0.43411114125198935		2.1191924810409546		25		26		
86. -1.7353760069707391		0.8156653642654419		2		1		
87. -1.265933208304972		-0.4770089387893677		2		2		
88. 1.217296031154703		0.033980727195739746		2		1		
89. 0.2919553373021557		-2.2153486013412476		1		1		
90. 2.5628849048149647		-3.0818101167678833		4		9		
91. 0.7224050809498976		-1.8857452869415283		1		1		
92. -0.4831433638319993		0.6629816293716431		1		1		
93. 0.25335145845699003		1.12651789188385		1		1		
94. 2.751306046039616		2.3133822679519653		1		1		
95. 2.4077814400626494		-2.145552635192871		3		2		
96. -0.18259275863347568		-2.973452091217041		1		2		
97. 2.0585186968891946		2.552510380744934		1		1		
98. 0.7560830512717445		0.16034066677093506		2		1		
99. 4.940358000930658		2.60931932926178		1		1		
100. 0.37449761736542087		-1.5303562879562378		1		1		
101. 1.1283926635548056		1.585793137550354		2		1		
102. 0.19737745041703647		-0.7775620222091675		2		5		
103. -1.013456613498633		0.2546224594116211		1		1		
104. -0.2828201182251462		0.07426011562347412		2		2		
105. 1.1217266662821714		2.403995156288147		39		39		
106. -0.2596049752103937		2.738967537879944		2		1		
107. -0.5559047424614789		1.0138695240020752		1		1		
108. 4.059061669746541		-3.6041113138198853		4		4		
109. 1.292884941805724		2.428231954574585		54		54		
110. -3.038548249608155		0.05298507213592529		1		1		
111. 0.9014045252447289		1.1835544109344482		1		1		
112. -1.245132122321678		-1.0598102807998657		1		1		
113. 3.3611262724150066		-1.1884629726409912		2		2		
114. -3.007266441106111		-0.9674433469772339		2		2		
115. -1.5992136500663037		-0.4275827407836914		2		2		
116. -3.18405681147334		0.05719327926635742		2		2		
117. -0.5849890541650353		1.6039677858352661		2		2		
118. -0.6643963273019722		-1.524267554283142		1		2		
119. -0.8538500415455417		2.34992516040802		2		1		
120. -2.3695359710448116		-0.5592678785324097		2		2		
121. 2.3207908083492157		3.7785688638687134		31		30		
122. 0.6730056033924541		-1.8673561811447144		37		3		
123. -1.0509293163328692		1.2495579719543457		2		2		
124. -2.343690683154094		-0.3001295328140259		1		1		
125. 1.5920521237943035		-2.9976624250411987		1		1		
126. -0.32266054813770495		3.038221597671509		2		1		
127. -2.0399689055024623		-0.7342287302017212		1		2		
128. -2.5057519573927607		-0.45039939880371094		2		2		
129. 0.7329366541700892		1.879868984222412		1		1		
130. -0.7048110167528989		-0.859089732170105		1		2		
131. 0.6514513468357848		1.3051773309707642		1		1		
132. 0.8489463480113102		2.016527771949768		49		40		
133. -2.6229217318157367		-0.15012717247009277		1		1		
134. 0.9745912847733536		0.3678997755050659		2		1		
135. 0.9216785778422292		-1.6106665134429932		3		3		
136. -0.6875196575870888		-0.4402885437011719		1		1		
137. -1.4250267070098346		-0.7293106317520142		1		1		
138. -2.0565211157868646		-0.444797158241272		1		1		
139. -2.581489439844944		-1.7722651958465576		1		2		
140. 0.17097486316903598		-0.1257721185684204		2		2		
141. 1.8841074852085313		1.3582370281219482		2		1		
142. 1.1987175355647537		-0.5601752996444702		2		1		
143. -0.8293752906161274		0.9545282125473022		1		1		
144. 1.138120262036665		-0.3353157043457031		1		2		
145. -0.9244977658028546		0.8762176036834717		2		1		
146. -1.3728525452677331		-0.3094143867492676		1		1		
147. -1.0285586601322336		0.2454754114151001		2		2		
148. 2.599631921189612		-2.4874074459075928		3		3		
149. -2.2627041677795177		-0.10605823993682861		2		2		
150. -3.1535791421390513		0.5941497087478638		1		1		
151. 1.8968843043629846		-2.5768414735794067		5		5		
152. -4.176866259259114		0.4065890312194824		2		2		
153. -0.5545100172188739		-1.7570395469665527		1		2		
154. 0.0929398202383993		0.7372621297836304		1		1		
155. 0.66083005821028		2.0169880390167236		1		1		
156. 0.834733394466582		-2.932025909423828		1		1		
157. 1.045661661330655		-1.4845048189163208		3		3		
158. 0.032690467005352275		-0.46838605403900146		1		25		
159. -6.13414105838342		0.38356995582580566		1		1		
160. -0.2596254645672502		1.0040696859359741		2		2		
161. 0.21897096727145993		1.8784143924713135		16		16		
162. -3.448563816064677		-0.22609984874725342		2		2		
163. -0.9727157608483026		1.5621116161346436		2		1		
164. 0.46497984280598814		-2.7261478900909424		1		1		
165. 0.0774129548139939		1.8930425643920898		11		13		
166. -2.163763925259474		0.15237629413604736		2		2		
167. 0.8105738970666891		-2.8071131706237793		1		1		
168. 0.3788896177437948		2.3288146257400513		17		17		
169. -2.010163970862692		-0.793997049331665		1		2		
170. 0.5006723871116918		-1.23622727394104		1		6		
171. -0.4855254899323711		0.09512889385223389		1		1		
172. -1.069454829142643		1.2100603580474854		1		1		
173. -1.4134003894017582		0.14458203315734863		2		2		
174. 0.5735655239587345		-0.1398305892944336		2		1		
175. -1.0200680993784772		-0.3472554683685303		1		2		
176. 0.6228633420831784		0.2409837245941162		1		1		
177. -0.07076640034212289		-2.163780689239502		1		2		
178. -2.7394519099744485		0.6649706363677979		1		1		
179. 2.9815314374395285		2.936311364173889		1		1		
180. 0.11341865014173891		-2.1320642232894897		1		1		
181. -0.044768056410788404		-2.1473737955093384		1		2		
182. 1.0384785315324905		1.3868681192398071		1		1		
183. 1.5312705793250103		0.3757312297821045		2		1		
184. -2.0979278624739237		-2.734591841697693		1		2		
185. 3.832413347762028		-2.1330032348632812		2		2		
186. 3.560950816159064		-1.5576815605163574		2		2		
187. -3.239282103524488		-0.03908240795135498		1		1		
188. -2.8995496172945394		0.1325061321258545		2		2		
189. -0.12067447752227167		0.27357423305511475		1		1		
190. -2.504422476095016		-0.144356369972229		1		1		
191. 0.8373331296000259		1.4718736410140991		2		1		
192. -1.2333694530143475		1.6222432851791382		1		1		
193. -3.429064329536999		0.6064714193344116		2		2		
194. -0.4847616723671848		-0.27730274200439453		1		1		
195. -0.4387705589129922		-2.3772571086883545		1		2		
196. 1.8479181356976824		1.204325556755066		1		1		
197. -0.15211184860109483		-0.6794317960739136		1		1		
198. 0.5744546894300697		3.74507212638855		13		14		
199. -2.328863686038815		-0.17748188972473145		1		1		
200. 3.876270784951714		2.336756706237793		1		1		
201. -0.0016050167570114127		0.9795912504196167		1		1		
202. -2.121052945806909		-0.25548672676086426		1		1		
203. 0.05460397832518993		-1.0112863779067993		15		1		
204. -1.9036109339504605		0.12890732288360596		2		2		
205. 1.0195430326947275		-1.5322012901306152		3		3		
206. 4.141816577670298		2.4276387691497803		1		1		
207. -2.4748339183536956		-0.818224310874939		1		1		
208. -0.4474466080298356		-0.2639479637145996		2		2		
209. 2.310329205349518		0.3253868818283081		1		1		
210. -1.4704198701942488		-0.35825443267822266		2		2		
211. -0.9133529357281418		-2.0834431648254395		1		2		
212. -1.786733958997985		-1.5929063558578491		1		1		
213. -1.2473331478982175		-0.10351884365081787		2		2		
214. 3.7580162876929535		2.5964161157608032		1		1		
215. 1.6160274986883962		2.76850163936615		52		43		
216. 2.7358797444910152		1.4350762367248535		1		1		
217. -0.2568517089141835		1.1113587617874146		2		1		
218. -1.3249778702750632		0.062048912048339844		2		2		
219. -3.926670431386043		-0.6977220773696899		1		1		
220. -1.2849226914470506		-0.33981502056121826		1		1		
221. 0.021163626725794416		1.1924396753311157		2		1		
222. 1.860324165329942		3.0608514547348022		41		46		
223. -2.7689616137681554		-1.5789709091186523		1		1		
224. -0.008571337851947192		-0.0333634614944458		1		1		
225. 0.5248809554509251		1.7633496522903442		1		1		
226. 5.5812043831259075		3.192268133163452		1		1		
227. -0.3611433562561359		0.6982885599136353		3		2		
228. 0.30462244685784867		1.170604944229126		2		1		
229. -2.1822665391567995		-0.47301483154296875		1		1		
230. -0.25950441181143447		-0.9509521722793579		2		2		
231. -0.8300894671360197		-1.1966732740402222		1		1		
232. 0.44730352332868506		-1.7104209661483765		1		1		
233. -0.6525452494089734		1.29509699344635		2		1		
234. -0.42489149911061475		-0.7847797870635986		2		2		
235. -0.0530048957589031		1.8364065885543823		2		1		
236. 0.5717268865263918		2.638676643371582		20		19		
237. 0.7436005836437118		-0.788644552230835		2		2		
238. -2.2880891338060394		-0.821528434753418		1		1		
239. 0.5745323948124792		-0.6839622259140015		2		2		
240. 0.6810866028768459		-0.20550477504730225		1		2		
241. 0.02356393551465885		1.619470238685608		2		1		
242. 0.8098822108138393		1.510283350944519		2		1		
243. -4.249018657366378		-0.006008625030517578		1		1		
244. 0.4407584719382811		0.2961902618408203		2		1		
245. -1.7137575617963563		0.9699022769927979		1		1		
246. -0.7417103563399934		-1.1950947046279907		1		1		
247. -1.5816456036476438		0.41826188564300537		1		1		
248. 0.5921262918825647		-2.3497650623321533		1		1		
249. -0.015583617800047023		-1.1196613311767578		1		2		
250. -2.970282639017711		-0.2529575824737549		1		2		
251. 2.1204751294654614		2.8841805458068848		1		1		
252. 0.485820706285395		-1.0983521938323975		3		2		
253. 0.4628184454739568		0.6657477617263794		1		1		
254. -1.976537721389107		-0.23949289321899414		2		2		
255. -0.7924578969989682		0.2695281505584717		2		2		
256. -1.3361898852728444		0.7301912307739258		1		1		
257. -1.1007528436257559		-1.0166113376617432		1		1		
258. -3.404093278896312		-0.24377191066741943		1		1		
259. 0.14269881902018255		0.3639000654220581		2		1		
260. -0.11774085395049383		0.2617452144622803		3		2		
261. -1.7712466236798576		-0.654104471206665		1		1		
262. -1.6973626369103272		-1.7006478309631348		1		2		
263. -0.5413197507650835		-1.5280818939208984		2		3		
264. 1.8201028726840036		-0.17118585109710693		2		2		
265. 1.222335315289115		-0.6647336483001709		2		1		
266. 3.3126237149126894		2.666540741920471		1		1		
267. -1.9810107164422561		-0.252524733543396		2		2		
268. -0.49792284183189395		-1.6828824281692505		1		2		
269. -2.6024309384330877		1.3140257596969604		1		1		
270. -0.8938026158350425		0.583879828453064		1		1		
271. -0.9022062840836043		-1.5002610683441162		1		1		
272. 1.1378922243916634		2.023215889930725		1		1		
273. -2.2629846942618315		-1.4519082307815552		1		1		
274. 1.8197973831291563		1.5972493886947632		1		1		
275. -1.456472473693637		1.0019160509109497		2		1		
276. 1.1560370061955467		-0.9050297737121582		3		1		
277. 0.030928909418520334		0.037854552268981934		1		2		
278. 1.2829965496956817		-1.5683038234710693		3		2		
279. -4.708535157452786		-0.7073886394500732		2		2		
280. 0.6058721691946118		0.9302977323532104		2		1		
281. 1.4621437765530345		-2.8081220388412476		1		1		
282. -1.1628523418150678		0.14533936977386475		1		1		
283. -0.6034230738187318		-0.8719500303268433		2		2		
284. 2.0132329658842565		3.1750054359436035		43		42		
285. -0.13020790512939584		-1.2551910877227783		1		2		
286. 0.41221781310002825		-1.78700852394104		22		2		
287. 1.266257246657375		0.8034876585006714		1		2		
288. -1.691442795123777		1.010501742362976		1		1		
289. 1.5627970084064913		-2.1824440956115723		5		2		
290. -0.1672171591874445		-0.12894630432128906		1		1		
291. 1.749151705572757		-2.2331563234329224		2		5		
292. -0.16833595566586723		0.12662959098815918		2		2		
293. 1.4196348062533701		0.019387245178222656		2		1		
294. -0.40631815831545737		0.5213291645050049		1		1		
295. 0.4399006089363411		2.6323455572128296		15		17		
296. -0.7614356721928743		-1.0491200685501099		2		2		
297. -1.550371524073185		-1.3277355432510376		1		2		
298. 2.84157004909531		3.372755527496338		100		100		
299. 1.1551388382026602		-1.8196487426757812		2		5		
